
==================================================
Processing file: calle_condesa_de_trifaldi_albacete_500_0_candidates_18_ns_3.json
Candidate intersections: [1530722125, 1836678891, 1526728367, 1845567634, 332441491, 539424015, 1529201953, 1577713909, 1529202049, 1529475301, 539831088, 1529475130, 1529202109, 1529202087, 539831085, 4575714131, 1530704878, 9517864886]
Number of stations: 3

Testing Genetic Algorithm...
Genetic Algorithm Results:
Execution Time: 0.1993 seconds
Best Configuration: [0, 0, 0, 1, 0, 0, 0, 0, 1, 0, 1, 0, 0, 0, 0, 0, 0, 0]
Best Score: 9.981473559557257

A* Statistics:
Total A* Calls: 324
Real A* Calls: 324
--------------------------------------------------

==================================================
Processing file: calle_herreros_albacete_250_1_candidates_25_ns_5.json
Candidate intersections: [946558782, 1835328230, 772970909, 1312091205, 772970912, 4404600176, 2101156997, 4404600177, 772970908, 4575714125, 1264303774, 265487272, 430169696, 1994438273, 1531612082, 430305114, 1529724413, 4404600179, 1835328244, 430171573, 772970906, 1531612218, 946565137, 1123928168, 1264303755]
Number of stations: 5

Testing Genetic Algorithm...
Genetic Algorithm Results:
Execution Time: 0.6533 seconds
Best Configuration: [0, 0, 0, 0, 1, 0, 0, 0, 0, 1, 0, 0, 0, 0, 0, 1, 1, 0, 1, 0, 0, 0, 0, 0, 0]
Best Score: 3.7623781987470304

A* Statistics:
Total A* Calls: 625
Real A* Calls: 625
--------------------------------------------------

==================================================
Processing file: camino_de_alto_los_chorlitos_albacete_2000_2_candidates_38_ns_6.json
Candidate intersections: [1587239651, 8459138377, 1537104079, 1954979595, 2006871999, 1560680561, 1534989228, 1545718220, 1733470460, 1603945214, 1537103992, 1954979538, 1958868552, 8493876126, 2006872082, 1545913495, 1733496692, 8729120008, 2710628843, 1733470041, 1954979570, 1958868526, 1733469709, 9630348447, 1537057958, 2006872078, 1566089589, 1569312254, 2180941616, 3619283333, 1955584539, 344863325, 9503910580, 344907347, 1566089587, 1913991646, 1537104308, 2710628886]
Number of stations: 6

Testing Genetic Algorithm...
Genetic Algorithm Results:
Execution Time: 1.5718 seconds
Best Configuration: [0, 1, 0, 0, 0, 0, 0, 0, 1, 0, 1, 0, 0, 0, 1, 0, 0, 0, 0, 0, 0, 1, 0, 0, 0, 0, 0, 0, 1, 0, 0, 0, 0, 0, 0, 0, 0, 0]
Best Score: 19.043479874324973

A* Statistics:
Total A* Calls: 1444
Real A* Calls: 1444
--------------------------------------------------

==================================================
Processing file: calle_f_albacete_2000_0_candidates_25_ns_4.json
Candidate intersections: [1773309963, 5582955075, 7350762710, 1539997530, 1788442041, 1563381063, 4221333605, 7350762713, 5582955082, 2029556667, 1545924638, 4221333375, 1545924655, 7350762742, 7350762715, 2161030013, 7350762741, 1557019715, 1557019791, 1845137739, 5582955061, 1961392153, 1557019966, 2163186255, 4224196989]
Number of stations: 4

Testing Genetic Algorithm...
Genetic Algorithm Results:
Execution Time: 0.5120 seconds
Best Configuration: [0, 0, 1, 1, 0, 0, 0, 0, 0, 0, 0, 0, 0, 1, 0, 0, 0, 0, 0, 0, 0, 1, 0, 0, 0]
Best Score: 13.746471959722554

A* Statistics:
Total A* Calls: 625
Real A* Calls: 625
--------------------------------------------------

==================================================
Processing file: calle_agustina_aroca_albacete_250_0_candidates_75_ns_7.json
Candidate intersections: [1572435237, 1527972843, 1554813467, 550378434, 335607957, 335720310, 335720308, 1554807113, 1528181116, 1574608077, 335720312, 335896877, 1528181134, 335896858, 1560897796, 1554807105, 335607956, 1557262702, 335720304, 1528181113, 1554813465, 1530897624, 550376433, 1528181121, 1253952549, 1110616069, 1528181111, 1530897496, 1845484948, 1560897869, 1991970573, 1528181133, 1528181128, 1554813429, 335607958, 335893163, 618009048, 1560900347, 335893167, 1526105938, 1528181129, 1572435245, 1526105986, 1528822981, 1530209382, 1530897682, 1530897844, 1574598070, 1530209368, 1527972839, 1970003852, 1835353347, 550376458, 1528822987, 1560900349, 1554807214, 1560897811, 550376452, 335720305, 1526105983, 335720315, 1572435255, 1526106002, 1574608082, 1526105988, 1991970566, 1528822986, 1554807109, 1530209348, 1530209339, 1574608089, 1554807205, 1528181137, 1528181122, 550376456]
Number of stations: 7

Testing Genetic Algorithm...
Genetic Algorithm Results:
Execution Time: 4.0729 seconds
Best Configuration: [0, 0, 0, 0, 0, 0, 0, 0, 0, 0, 0, 0, 0, 0, 0, 0, 0, 0, 0, 0, 0, 0, 0, 0, 0, 0, 0, 0, 0, 0, 1, 0, 1, 0, 1, 0, 0, 0, 0, 0, 0, 0, 0, 0, 0, 1, 0, 0, 0, 1, 0, 0, 0, 0, 0, 0, 0, 0, 0, 0, 0, 1, 0, 0, 0, 0, 0, 0, 0, 0, 0, 0, 0, 1, 0]
Best Score: 4.083564767400141

A* Statistics:
Total A* Calls: 5625
Real A* Calls: 5625
--------------------------------------------------

==================================================
Processing file: calle_franciscanos_albacete_500_3_candidates_107_ns_8.json
Candidate intersections: [1529197040, 2736548951, 672063710, 1255528486, 1578461153, 1528823330, 1530201979, 1255547650, 1322980461, 1529197051, 1256004135, 1554807128, 1529477714, 1529197053, 672069218, 1322980462, 1531659796, 1255547631, 6296438172, 1256026700, 1256026682, 1255547649, 1255547622, 1845484942, 1573048095, 1528823271, 1984658040, 621979242, 1256004134, 1528832266, 443511409, 1526705357, 1529202023, 1528823379, 434014584, 1557279034, 443511897, 1533751788, 621983933, 1530201964, 1628459226, 1540598147, 1528823390, 1580652280, 1256004122, 1255547640, 1736087418, 1992568962, 1991916949, 1628459221, 1256602818, 1255547644, 1256004131, 672060821, 1636580982, 1322977377, 1529623348, 1530705020, 1255547637, 1845484937, 1255547629, 672063300, 335607943, 1533751804, 1736133420, 1993610440, 1528823253, 1322977384, 2736548945, 1788243280, 1528832258, 1529202095, 1528823372, 1528823331, 333719887, 1528823342, 1984210179, 1528823325, 1256004126, 1528823332, 1255528462, 1529477449, 1736133421, 1255528474, 672063299, 1255528477, 621979263, 1554779027, 434014596, 1429086687, 1256602816, 1529623350, 1562200768, 1322977383, 1528823328, 1573048063, 1255547648, 1529623340, 1255547645, 1528823351, 1322980464, 9454338198, 335607940, 1628459229, 4575714122, 1540626757, 1256026634]
Number of stations: 8

Testing Genetic Algorithm...
Genetic Algorithm Results:
Execution Time: 5.8090 seconds
Best Configuration: [0, 0, 0, 0, 0, 0, 1, 0, 0, 0, 0, 0, 0, 0, 0, 0, 0, 0, 0, 0, 0, 0, 0, 0, 0, 0, 0, 0, 0, 1, 0, 0, 1, 0, 0, 0, 0, 0, 0, 1, 0, 1, 0, 0, 0, 0, 0, 0, 0, 0, 0, 0, 0, 0, 0, 0, 0, 0, 0, 0, 0, 0, 0, 0, 1, 0, 0, 0, 0, 0, 0, 0, 0, 0, 0, 0, 0, 0, 0, 0, 0, 0, 0, 0, 0, 0, 0, 0, 0, 0, 0, 0, 0, 0, 0, 0, 0, 0, 0, 0, 1, 0, 1, 0, 0, 0, 0]
Best Score: 8.491510255601806

A* Statistics:
Total A* Calls: 11449
Real A* Calls: 11449
--------------------------------------------------

==================================================
Processing file: calle_antonio_gotor_albacete_500_4_candidates_118_ns_13.json
Candidate intersections: [1526728361, 1835353387, 442882994, 442882996, 344736241, 1835712031, 1835353367, 1529475338, 1529202090, 539837920, 1529475376, 621983933, 539830996, 539833069, 2537613526, 1989898224, 2887799873, 1526728365, 1529202111, 1529202049, 539833849, 1526728410, 1526193113, 1528832261, 1835353360, 499274652, 1526728406, 1530704632, 1529623269, 1897720516, 1573048065, 539420443, 539420445, 1529475275, 1529623293, 499274675, 2028804152, 335606024, 1573048095, 672063710, 1529623346, 1530722175, 1529475160, 1256026663, 1529475098, 1835353370, 344736237, 1835353368, 1528823380, 539833067, 1529475130, 1628459224, 957161512, 1529669447, 1736129366, 442882995, 1526728367, 539420447, 1526728370, 442882015, 442882013, 1531646277, 6122163731, 1526705382, 1526728308, 1529475090, 442909903, 1530913407, 1530704777, 1529776725, 1529202109, 1958896976, 1529475445, 1573048063, 1526728304, 1266037421, 442896947, 1529475285, 6296438172, 335606025, 1528832266, 434014588, 1529475083, 1529475206, 1531659768, 1266037414, 1322977385, 1526728376, 1530704878, 539831093, 1529201982, 335606017, 1529475378, 1835712027, 1529623352, 1266037405, 539830999, 1529776701, 1567062089, 1540598147, 1530704673, 2537613528, 442882019, 1526728364, 3073519854, 621979238, 1530722125, 2028804164, 1529669448, 1529202023, 442882008, 442897015, 957150995, 957166323, 1526728327, 2028804172, 1528823390, 1628459226]
Number of stations: 13

Testing Genetic Algorithm...
Genetic Algorithm Results:
Execution Time: 10.8025 seconds
Best Configuration: [0, 0, 1, 0, 1, 0, 0, 0, 0, 0, 0, 0, 0, 0, 0, 0, 0, 0, 0, 0, 0, 1, 0, 0, 0, 0, 0, 0, 0, 0, 0, 1, 0, 0, 0, 0, 0, 1, 0, 0, 0, 0, 0, 0, 0, 0, 0, 0, 0, 0, 0, 0, 0, 0, 0, 0, 0, 0, 0, 0, 0, 0, 0, 0, 0, 0, 0, 0, 0, 1, 1, 0, 0, 1, 0, 0, 0, 1, 0, 0, 0, 1, 1, 0, 0, 0, 0, 0, 0, 0, 0, 0, 0, 0, 0, 0, 1, 0, 0, 0, 0, 0, 0, 0, 0, 0, 0, 0, 1, 0, 0, 0, 0, 0, 0, 0, 0, 0]
Best Score: 5.7620080243897505

A* Statistics:
Total A* Calls: 13924
Real A* Calls: 13924
--------------------------------------------------

==================================================
Processing file: calle_agustina_aroca_albacete_500_1_candidates_89_ns_22.json
Candidate intersections: [1538396676, 1528181112, 1529197029, 618009048, 1526105997, 1528181137, 1528160276, 1991099510, 1528181128, 2736548945, 1530209348, 1560900349, 1528181134, 335607956, 1253952549, 335720315, 1526105986, 1991970566, 1110616069, 335720312, 1572439161, 1574608068, 1534536974, 1565088794, 1560897796, 335720308, 1554807111, 1554807107, 550376456, 1554807105, 1530897924, 1255528474, 335720320, 1526105988, 335896871, 1574608075, 434369338, 1530897624, 1572435249, 1835353347, 1572435245, 1554807113, 1293940877, 1528181139, 10773120419, 1255528468, 1554813465, 1554813467, 1528822986, 1538534032, 1529197036, 344859492, 1845484948, 1293940884, 1538396680, 335607954, 1256602813, 1526105942, 1293940882, 1572435255, 1528181121, 1528181136, 1256602816, 1255528495, 1528181122, 1535642894, 1991970573, 1572439170, 1530897532, 1110616070, 335720310, 1554813425, 1992110641, 1528181114, 550378434, 1554813432, 1527972839, 1970201408, 1526105992, 1530897844, 1554807205, 1863967068, 719109982, 1255499536, 335893167, 1574598070, 1574598083, 550376458, 335607957]
Number of stations: 22

Testing Genetic Algorithm...
Genetic Algorithm Results:
Execution Time: 19.3682 seconds
Best Configuration: [1, 0, 0, 1, 1, 1, 0, 0, 0, 0, 0, 0, 0, 0, 0, 0, 0, 0, 0, 0, 1, 1, 0, 1, 0, 1, 0, 0, 0, 1, 0, 0, 0, 1, 1, 0, 1, 1, 0, 0, 0, 0, 0, 0, 1, 0, 0, 0, 1, 0, 0, 0, 0, 0, 0, 0, 0, 0, 0, 1, 0, 0, 0, 1, 0, 1, 0, 0, 0, 0, 0, 1, 0, 0, 0, 1, 0, 0, 1, 0, 0, 0, 0, 0, 0, 0, 0, 0, 1]
Best Score: 3.169272595602386

A* Statistics:
Total A* Calls: 7921
Real A* Calls: 7921
--------------------------------------------------

==================================================
Processing file: camino_de_alto_los_chorlitos_albacete_2000_4_candidates_121_ns_28.json
Candidate intersections: [6009837280, 8493864104, 1537103739, 1954979569, 1545913495, 1954979528, 1534536946, 344859497, 1733496488, 8757571425, 1516365132, 5582955314, 1569182994, 8493864107, 2710628831, 1603945214, 1733496612, 9630348450, 1734548733, 8673752663, 1647002113, 1954979595, 1954979538, 1535021371, 2006872082, 1537057979, 1537103898, 1569209141, 1733470299, 1733496659, 1913991646, 1528823067, 8493876146, 2021463849, 8493876135, 1535021514, 2021463841, 2021463844, 1733470041, 1603945191, 5446305882, 1954979570, 2006872078, 2710628851, 1537104027, 1733496625, 2710628860, 2710628868, 2710628945, 6009837281, 1537103992, 2006872018, 1551656326, 4557516304, 344861881, 1954979552, 1566079035, 9503925087, 1736047795, 1560680561, 1958868498, 2180941374, 9503910580, 1736047790, 1534537179, 1566079031, 1733496468, 3073982884, 1647007634, 1955584539, 1587239651, 1537104233, 1537104021, 1954979522, 1429086695, 1603945225, 11229779441, 1545718220, 2180941734, 1845567317, 1954979521, 1733496554, 1551603672, 1566089589, 1537057958, 1537103689, 1551603668, 8493876145, 2710628871, 1566079017, 1551656333, 2006872098, 1733496512, 11404296427, 1837752455, 1958868583, 1954979571, 1535219693, 1954979597, 1566079027, 8757571427, 1537104246, 11229779438, 1535219742, 1954979591, 1736047793, 1537058001, 8459138377, 1954979580, 1647001984, 1566079009, 2012872958, 1913991621, 1958868526, 8493864100, 1537103858, 2180131327, 1534537007, 1603945205, 1958868559, 8443929123]
Number of stations: 28

Testing Genetic Algorithm...
Genetic Algorithm Results:
Execution Time: 34.3786 seconds
Best Configuration: [0, 1, 0, 0, 1, 1, 0, 0, 0, 0, 1, 1, 0, 0, 0, 1, 0, 1, 1, 0, 0, 0, 0, 1, 0, 0, 1, 1, 1, 0, 0, 0, 0, 0, 0, 0, 0, 1, 0, 0, 0, 0, 0, 0, 0, 0, 0, 0, 0, 0, 0, 0, 0, 0, 0, 0, 0, 1, 1, 1, 0, 1, 0, 0, 0, 0, 0, 1, 0, 1, 0, 0, 0, 0, 0, 0, 0, 0, 0, 0, 0, 1, 0, 0, 0, 0, 1, 1, 0, 0, 1, 1, 0, 0, 0, 1, 0, 0, 0, 0, 0, 0, 0, 1, 0, 0, 0, 0, 0, 0, 0, 1, 0, 0, 0, 1, 0, 0, 0, 0, 0]
Best Score: 5.513425262432005

A* Statistics:
Total A* Calls: 14641
Real A* Calls: 14641
--------------------------------------------------

==================================================
Processing file: calle_palmas_de_gran_canaria_albacete_500_2_candidates_167_ns_23.json
Candidate intersections: [1628459225, 1530722049, 1984658040, 1529202095, 6296438172, 1528823325, 1736073029, 539831088, 1643327715, 672063710, 1736073036, 1528823328, 499274675, 1835353382, 621979238, 1736047802, 1526108356, 1529201953, 1255547634, 1531673357, 1256004131, 1529623348, 335607938, 2221740256, 1529197029, 621979259, 6296438171, 3721441045, 1530201981, 335606022, 1255547637, 539837920, 1736073025, 1529202109, 1836678889, 672063300, 1835353370, 1528823220, 1256026630, 1526752640, 1255547649, 1255547628, 1589636200, 1628459236, 1529202111, 1529475206, 1530704881, 1529475073, 434014599, 1526728365, 1255547652, 1322977378, 332441491, 1529623346, 1530897531, 335607941, 1528823342, 1628459224, 1322977384, 335606025, 1322980462, 1255547644, 1528823384, 1628459221, 1528823380, 1836678893, 551594180, 1835353332, 1528832266, 1562200768, 1529201976, 335607942, 335606017, 335607940, 335607943, 1255547623, 1983117780, 443511897, 1526752502, 539833849, 1526728364, 1562200802, 1788243287, 335607946, 672060821, 551594208, 621979267, 1526108352, 1529197036, 1835353337, 539831084, 434014588, 1255547642, 4575714122, 1628459226, 1529202023, 1635557952, 552477911, 1526728362, 1547034333, 1560699127, 1736073022, 1835353359, 1531659768, 1835353351, 1788243280, 333719887, 1572439161, 335606019, 1255547633, 1528823390, 1531673369, 1560699116, 1256026659, 1255547648, 1529475090, 1573048065, 1530704637, 1989898224, 551594146, 1529197043, 335607951, 1255547641, 1529776701, 1529197048, 3720329440, 1557279034, 1529475160, 1736047806, 1256026700, 1635557966, 551594177, 1635557962, 1526728406, 1255528486, 1573048063, 1530897562, 1529201982, 1529475094, 1984210179, 333720922, 2686683436, 1526728384, 1255499536, 1526705395, 1528823330, 621979263, 1736073021, 1429086687, 1530897746, 1579347325, 1256026634, 1577713909, 551594220, 1529623313, 1255547629, 1530705020, 621983933, 1531673360, 1529202090, 1528823288, 1322980464, 1266037410, 1529475081, 1528823351, 1528823253, 621979242]
Number of stations: 23

Testing Genetic Algorithm...
Genetic Algorithm Results:
Execution Time: 42.1767 seconds
Best Configuration: [0, 0, 1, 0, 0, 0, 0, 0, 0, 0, 0, 0, 0, 0, 0, 0, 1, 0, 0, 0, 0, 0, 0, 0, 0, 0, 0, 1, 0, 0, 0, 0, 0, 0, 0, 1, 0, 0, 0, 0, 0, 0, 0, 0, 0, 0, 0, 0, 0, 0, 0, 0, 1, 1, 0, 0, 1, 0, 0, 1, 0, 0, 0, 0, 0, 0, 0, 0, 0, 0, 0, 0, 0, 0, 0, 0, 0, 0, 0, 0, 0, 0, 1, 0, 0, 1, 1, 0, 1, 0, 0, 0, 0, 1, 1, 1, 0, 1, 0, 0, 0, 0, 0, 0, 0, 1, 0, 0, 0, 0, 0, 0, 0, 0, 0, 0, 1, 0, 0, 1, 0, 0, 0, 0, 0, 0, 1, 0, 0, 0, 0, 0, 0, 0, 0, 0, 0, 0, 0, 0, 0, 1, 0, 0, 0, 0, 0, 0, 0, 0, 0, 1, 1, 0, 0, 0, 0, 0, 0, 0, 0, 0, 0, 0, 0, 0, 0]
Best Score: 4.460565668359143

A* Statistics:
Total A* Calls: 27889
Real A* Calls: 27889
--------------------------------------------------

==================================================
Processing file: calle_ínsula_barataria_albacete_500_0_candidates_140_ns_34.json
Candidate intersections: [539833069, 1530897686, 333720921, 1528832258, 1529776701, 1529475338, 6296438172, 1526705389, 1573048063, 1991039584, 3721441045, 3720329440, 1529623352, 1526728370, 551594208, 1529201982, 1529202109, 1526728376, 1530704651, 1562200768, 1529475275, 539837920, 1530897585, 335606021, 1529201976, 539833067, 1528823322, 1526752502, 1256026700, 539831003, 1736073022, 1526728384, 1529475300, 1529475285, 1526728364, 335606024, 1529623346, 539831084, 1266037410, 1635557962, 1530897531, 1530897650, 1526705372, 1529776769, 499274675, 434014584, 332441491, 1528823253, 1528832261, 1530897746, 1530704601, 1529475302, 1529475301, 1529475094, 539833070, 344736237, 1835353337, 1529201953, 1529776636, 1529623348, 539830996, 1528823380, 1529202047, 1528832266, 2221740256, 1529475093, 1835353351, 1530722125, 1530704741, 1529202111, 1836678893, 1577308277, 1526728410, 1322977383, 1526728377, 1530704881, 1836678891, 1529475130, 539831002, 335606017, 1526728400, 1530897562, 333719887, 1529475099, 1529623303, 1529623313, 1526728335, 1643327716, 539831093, 1528823271, 1562200802, 1529202090, 1568067925, 1529475090, 344736241, 551594220, 1529475169, 1526728308, 1635557952, 539831085, 1635557966, 3720329437, 1573048065, 539833849, 333720922, 1526728361, 1529475206, 1835353367, 1836678889, 1530704673, 1530722043, 1322977377, 1530704777, 1529475098, 539831082, 1531659768, 621979238, 1526752631, 1958896976, 1835353386, 719109950, 332441495, 1530704637, 1577713909, 335606022, 1526705382, 539830999, 1529475083, 1529202053, 335607940, 1529475193, 1526705395, 1526728406, 1529202087, 1529202049, 335606026, 335606025, 1835353360, 1835353352, 539831088]
Number of stations: 34

Testing Genetic Algorithm...
Genetic Algorithm Results:
Execution Time: 43.8428 seconds
Best Configuration: [0, 0, 0, 0, 0, 0, 0, 0, 0, 0, 0, 0, 1, 0, 0, 0, 0, 1, 1, 0, 0, 0, 1, 0, 0, 0, 0, 1, 1, 0, 1, 1, 0, 0, 0, 1, 0, 0, 1, 0, 0, 1, 0, 0, 0, 0, 1, 0, 0, 0, 0, 1, 0, 0, 1, 1, 0, 0, 1, 1, 0, 1, 1, 0, 0, 0, 0, 0, 0, 1, 0, 0, 1, 0, 0, 0, 0, 0, 0, 0, 1, 0, 1, 1, 1, 1, 0, 0, 0, 0, 0, 0, 0, 1, 0, 0, 1, 0, 0, 0, 0, 0, 0, 0, 0, 0, 0, 0, 0, 0, 0, 1, 0, 0, 0, 0, 0, 0, 1, 1, 0, 0, 0, 0, 0, 0, 0, 0, 1, 0, 0, 0, 0, 0, 0, 0, 0, 0, 1, 1]
Best Score: 2.2742957934491965

A* Statistics:
Total A* Calls: 19600
Real A* Calls: 19600
--------------------------------------------------

==================================================
Processing file: calle_condesa_de_trifaldi_albacete_500_0_candidates_18_ns_3.json
Candidate intersections: [1530722125, 1836678891, 1526728367, 1845567634, 332441491, 539424015, 1529201953, 1577713909, 1529202049, 1529475301, 539831088, 1529475130, 1529202109, 1529202087, 539831085, 4575714131, 1530704878, 9517864886]
Number of stations: 3

Testing Genetic Algorithm...
Genetic Algorithm Results:
Execution Time: 0.1959 seconds
Best Configuration: [0, 0, 0, 1, 0, 0, 0, 0, 0, 0, 1, 0, 0, 0, 1, 0, 0, 0]
Best Score: 9.981473559557257

A* Statistics:
Total A* Calls: 22896
Real A* Calls: 324
--------------------------------------------------

==================================================
Processing file: calle_herreros_albacete_250_1_candidates_25_ns_5.json
Candidate intersections: [946558782, 1835328230, 772970909, 1312091205, 772970912, 4404600176, 2101156997, 4404600177, 772970908, 4575714125, 1264303774, 265487272, 430169696, 1994438273, 1531612082, 430305114, 1529724413, 4404600179, 1835328244, 430171573, 772970906, 1531612218, 946565137, 1123928168, 1264303755]
Number of stations: 5

Testing Genetic Algorithm...
Genetic Algorithm Results:
Execution Time: 0.5232 seconds
Best Configuration: [0, 0, 0, 0, 1, 0, 0, 0, 0, 0, 0, 0, 0, 0, 0, 1, 1, 1, 0, 0, 0, 0, 1, 0, 0]
Best Score: 3.7623781987470304

A* Statistics:
Total A* Calls: 149375
Real A* Calls: 625
--------------------------------------------------

==================================================
Processing file: camino_de_alto_los_chorlitos_albacete_2000_2_candidates_38_ns_6.json
Candidate intersections: [1587239651, 8459138377, 1537104079, 1954979595, 2006871999, 1560680561, 1534989228, 1545718220, 1733470460, 1603945214, 1537103992, 1954979538, 1958868552, 8493876126, 2006872082, 1545913495, 1733496692, 8729120008, 2710628843, 1733470041, 1954979570, 1958868526, 1733469709, 9630348447, 1537057958, 2006872078, 1566089589, 1569312254, 2180941616, 3619283333, 1955584539, 344863325, 9503910580, 344907347, 1566089587, 1913991646, 1537104308, 2710628886]
Number of stations: 6

Testing Genetic Algorithm...
Genetic Algorithm Results:
Execution Time: 1.3235 seconds
Best Configuration: [0, 1, 0, 0, 0, 0, 0, 0, 1, 0, 1, 0, 0, 0, 1, 0, 0, 0, 0, 0, 0, 1, 0, 0, 0, 0, 0, 0, 1, 0, 0, 0, 0, 0, 0, 0, 0, 0]
Best Score: 19.043479874324973

A* Statistics:
Total A* Calls: 406524
Real A* Calls: 1444
--------------------------------------------------

==================================================
Processing file: calle_f_albacete_2000_0_candidates_25_ns_4.json
Candidate intersections: [1773309963, 5582955075, 7350762710, 1539997530, 1788442041, 1563381063, 4221333605, 7350762713, 5582955082, 2029556667, 1545924638, 4221333375, 1545924655, 7350762742, 7350762715, 2161030013, 7350762741, 1557019715, 1557019791, 1845137739, 5582955061, 1961392153, 1557019966, 2163186255, 4224196989]
Number of stations: 4

Testing Genetic Algorithm...
Genetic Algorithm Results:
Execution Time: 0.4708 seconds
Best Configuration: [0, 0, 1, 1, 0, 0, 0, 0, 0, 0, 0, 0, 0, 0, 0, 0, 0, 0, 0, 0, 0, 1, 0, 0, 1]
Best Score: 13.746471959722554

A* Statistics:
Total A* Calls: 118300
Real A* Calls: 625
--------------------------------------------------

==================================================
Processing file: calle_agustina_aroca_albacete_250_0_candidates_75_ns_7.json
Candidate intersections: [1572435237, 1527972843, 1554813467, 550378434, 335607957, 335720310, 335720308, 1554807113, 1528181116, 1574608077, 335720312, 335896877, 1528181134, 335896858, 1560897796, 1554807105, 335607956, 1557262702, 335720304, 1528181113, 1554813465, 1530897624, 550376433, 1528181121, 1253952549, 1110616069, 1528181111, 1530897496, 1845484948, 1560897869, 1991970573, 1528181133, 1528181128, 1554813429, 335607958, 335893163, 618009048, 1560900347, 335893167, 1526105938, 1528181129, 1572435245, 1526105986, 1528822981, 1530209382, 1530897682, 1530897844, 1574598070, 1530209368, 1527972839, 1970003852, 1835353347, 550376458, 1528822987, 1560900349, 1554807214, 1560897811, 550376452, 335720305, 1526105983, 335720315, 1572435255, 1526106002, 1574608082, 1526105988, 1991970566, 1528822986, 1554807109, 1530209348, 1530209339, 1574608089, 1554807205, 1528181137, 1528181122, 550376456]
Number of stations: 7

Testing Genetic Algorithm...
Genetic Algorithm Results:
Execution Time: 4.7883 seconds
Best Configuration: [0, 0, 0, 0, 1, 0, 0, 0, 0, 0, 0, 0, 0, 0, 0, 0, 0, 0, 0, 0, 0, 0, 0, 0, 0, 0, 0, 0, 0, 0, 1, 0, 1, 0, 0, 0, 0, 0, 0, 0, 0, 0, 0, 0, 0, 0, 0, 1, 0, 1, 0, 0, 0, 0, 1, 0, 0, 0, 0, 0, 0, 0, 0, 0, 0, 0, 0, 0, 0, 0, 0, 0, 0, 0, 1]
Best Score: 4.1067081047630145

A* Statistics:
Total A* Calls: 1119825
Real A* Calls: 5625
--------------------------------------------------

==================================================
Processing file: calle_franciscanos_albacete_500_3_candidates_107_ns_8.json
Candidate intersections: [1529197040, 2736548951, 672063710, 1255528486, 1578461153, 1528823330, 1530201979, 1255547650, 1322980461, 1529197051, 1256004135, 1554807128, 1529477714, 1529197053, 672069218, 1322980462, 1531659796, 1255547631, 6296438172, 1256026700, 1256026682, 1255547649, 1255547622, 1845484942, 1573048095, 1528823271, 1984658040, 621979242, 1256004134, 1528832266, 443511409, 1526705357, 1529202023, 1528823379, 434014584, 1557279034, 443511897, 1533751788, 621983933, 1530201964, 1628459226, 1540598147, 1528823390, 1580652280, 1256004122, 1255547640, 1736087418, 1992568962, 1991916949, 1628459221, 1256602818, 1255547644, 1256004131, 672060821, 1636580982, 1322977377, 1529623348, 1530705020, 1255547637, 1845484937, 1255547629, 672063300, 335607943, 1533751804, 1736133420, 1993610440, 1528823253, 1322977384, 2736548945, 1788243280, 1528832258, 1529202095, 1528823372, 1528823331, 333719887, 1528823342, 1984210179, 1528823325, 1256004126, 1528823332, 1255528462, 1529477449, 1736133421, 1255528474, 672063299, 1255528477, 621979263, 1554779027, 434014596, 1429086687, 1256602816, 1529623350, 1562200768, 1322977383, 1528823328, 1573048063, 1255547648, 1529623340, 1255547645, 1528823351, 1322980464, 9454338198, 335607940, 1628459229, 4575714122, 1540626757, 1256026634]
Number of stations: 8

Testing Genetic Algorithm...
Genetic Algorithm Results:
Execution Time: 12.5380 seconds
Best Configuration: [0, 0, 0, 0, 0, 0, 1, 0, 0, 0, 0, 0, 0, 0, 0, 0, 0, 0, 0, 0, 0, 0, 0, 1, 0, 0, 0, 0, 0, 1, 0, 1, 0, 0, 0, 0, 0, 0, 0, 0, 0, 0, 0, 0, 0, 0, 0, 0, 0, 0, 0, 0, 0, 0, 0, 0, 0, 0, 0, 0, 0, 0, 0, 0, 0, 0, 0, 0, 0, 0, 0, 0, 0, 0, 0, 0, 0, 0, 0, 0, 0, 1, 0, 0, 0, 0, 0, 0, 0, 0, 0, 0, 0, 0, 0, 1, 0, 0, 0, 1, 1, 0, 0, 0, 0, 0, 0]
Best Score: 8.317692797117948

A* Statistics:
Total A* Calls: 2780288
Real A* Calls: 11449
--------------------------------------------------

==================================================
Processing file: calle_antonio_gotor_albacete_500_4_candidates_118_ns_13.json
Candidate intersections: [1526728361, 1835353387, 442882994, 442882996, 344736241, 1835712031, 1835353367, 1529475338, 1529202090, 539837920, 1529475376, 621983933, 539830996, 539833069, 2537613526, 1989898224, 2887799873, 1526728365, 1529202111, 1529202049, 539833849, 1526728410, 1526193113, 1528832261, 1835353360, 499274652, 1526728406, 1530704632, 1529623269, 1897720516, 1573048065, 539420443, 539420445, 1529475275, 1529623293, 499274675, 2028804152, 335606024, 1573048095, 672063710, 1529623346, 1530722175, 1529475160, 1256026663, 1529475098, 1835353370, 344736237, 1835353368, 1528823380, 539833067, 1529475130, 1628459224, 957161512, 1529669447, 1736129366, 442882995, 1526728367, 539420447, 1526728370, 442882015, 442882013, 1531646277, 6122163731, 1526705382, 1526728308, 1529475090, 442909903, 1530913407, 1530704777, 1529776725, 1529202109, 1958896976, 1529475445, 1573048063, 1526728304, 1266037421, 442896947, 1529475285, 6296438172, 335606025, 1528832266, 434014588, 1529475083, 1529475206, 1531659768, 1266037414, 1322977385, 1526728376, 1530704878, 539831093, 1529201982, 335606017, 1529475378, 1835712027, 1529623352, 1266037405, 539830999, 1529776701, 1567062089, 1540598147, 1530704673, 2537613528, 442882019, 1526728364, 3073519854, 621979238, 1530722125, 2028804164, 1529669448, 1529202023, 442882008, 442897015, 957150995, 957166323, 1526728327, 2028804172, 1528823390, 1628459226]
Number of stations: 13

Testing Genetic Algorithm...
Genetic Algorithm Results:
Execution Time: 19.1095 seconds
Best Configuration: [0, 0, 1, 0, 0, 0, 0, 1, 0, 0, 0, 0, 0, 1, 0, 0, 1, 0, 0, 0, 0, 1, 0, 0, 0, 0, 0, 1, 0, 0, 1, 0, 0, 0, 0, 0, 0, 0, 0, 0, 0, 0, 0, 0, 0, 0, 0, 0, 0, 0, 0, 0, 0, 0, 0, 0, 0, 1, 0, 0, 0, 0, 0, 0, 0, 0, 0, 0, 0, 0, 0, 1, 0, 0, 0, 0, 1, 0, 0, 0, 0, 0, 0, 0, 1, 0, 0, 0, 0, 0, 0, 0, 0, 0, 0, 0, 0, 1, 0, 0, 0, 0, 0, 0, 0, 1, 0, 0, 0, 0, 0, 0, 0, 0, 0, 0, 0, 0]
Best Score: 5.908679442257715

A* Statistics:
Total A* Calls: 4758468
Real A* Calls: 13924
--------------------------------------------------

==================================================
Processing file: calle_agustina_aroca_albacete_500_1_candidates_89_ns_22.json
Candidate intersections: [1538396676, 1528181112, 1529197029, 618009048, 1526105997, 1528181137, 1528160276, 1991099510, 1528181128, 2736548945, 1530209348, 1560900349, 1528181134, 335607956, 1253952549, 335720315, 1526105986, 1991970566, 1110616069, 335720312, 1572439161, 1574608068, 1534536974, 1565088794, 1560897796, 335720308, 1554807111, 1554807107, 550376456, 1554807105, 1530897924, 1255528474, 335720320, 1526105988, 335896871, 1574608075, 434369338, 1530897624, 1572435249, 1835353347, 1572435245, 1554807113, 1293940877, 1528181139, 10773120419, 1255528468, 1554813465, 1554813467, 1528822986, 1538534032, 1529197036, 344859492, 1845484948, 1293940884, 1538396680, 335607954, 1256602813, 1526105942, 1293940882, 1572435255, 1528181121, 1528181136, 1256602816, 1255528495, 1528181122, 1535642894, 1991970573, 1572439170, 1530897532, 1110616070, 335720310, 1554813425, 1992110641, 1528181114, 550378434, 1554813432, 1527972839, 1970201408, 1526105992, 1530897844, 1554807205, 1863967068, 719109982, 1255499536, 335893167, 1574598070, 1574598083, 550376458, 335607957]
Number of stations: 22

Testing Genetic Algorithm...
Genetic Algorithm Results:
Execution Time: 21.5329 seconds
Best Configuration: [0, 0, 0, 1, 1, 1, 0, 0, 0, 1, 0, 0, 0, 0, 0, 0, 0, 0, 0, 0, 1, 0, 1, 1, 0, 0, 0, 0, 0, 0, 0, 0, 1, 1, 0, 0, 1, 1, 1, 0, 0, 0, 0, 0, 1, 0, 1, 0, 0, 0, 0, 0, 0, 0, 0, 0, 0, 0, 0, 0, 0, 0, 0, 1, 0, 0, 1, 0, 0, 0, 0, 1, 0, 0, 0, 0, 1, 1, 1, 0, 0, 0, 0, 0, 1, 0, 1, 0, 0]
Best Score: 3.3604895123538787

A* Statistics:
Total A* Calls: 6659158
Real A* Calls: 7921
--------------------------------------------------

==================================================
Processing file: camino_de_alto_los_chorlitos_albacete_2000_4_candidates_121_ns_28.json
Candidate intersections: [6009837280, 8493864104, 1537103739, 1954979569, 1545913495, 1954979528, 1534536946, 344859497, 1733496488, 8757571425, 1516365132, 5582955314, 1569182994, 8493864107, 2710628831, 1603945214, 1733496612, 9630348450, 1734548733, 8673752663, 1647002113, 1954979595, 1954979538, 1535021371, 2006872082, 1537057979, 1537103898, 1569209141, 1733470299, 1733496659, 1913991646, 1528823067, 8493876146, 2021463849, 8493876135, 1535021514, 2021463841, 2021463844, 1733470041, 1603945191, 5446305882, 1954979570, 2006872078, 2710628851, 1537104027, 1733496625, 2710628860, 2710628868, 2710628945, 6009837281, 1537103992, 2006872018, 1551656326, 4557516304, 344861881, 1954979552, 1566079035, 9503925087, 1736047795, 1560680561, 1958868498, 2180941374, 9503910580, 1736047790, 1534537179, 1566079031, 1733496468, 3073982884, 1647007634, 1955584539, 1587239651, 1537104233, 1537104021, 1954979522, 1429086695, 1603945225, 11229779441, 1545718220, 2180941734, 1845567317, 1954979521, 1733496554, 1551603672, 1566089589, 1537057958, 1537103689, 1551603668, 8493876145, 2710628871, 1566079017, 1551656333, 2006872098, 1733496512, 11404296427, 1837752455, 1958868583, 1954979571, 1535219693, 1954979597, 1566079027, 8757571427, 1537104246, 11229779438, 1535219742, 1954979591, 1736047793, 1537058001, 8459138377, 1954979580, 1647001984, 1566079009, 2012872958, 1913991621, 1958868526, 8493864100, 1537103858, 2180131327, 1534537007, 1603945205, 1958868559, 8443929123]
Number of stations: 28

Testing Genetic Algorithm...
Genetic Algorithm Results:
Execution Time: 31.8830 seconds
Best Configuration: [0, 0, 0, 0, 1, 0, 1, 0, 0, 0, 1, 1, 0, 0, 0, 0, 0, 1, 1, 0, 0, 0, 0, 1, 0, 0, 1, 0, 1, 0, 0, 0, 1, 0, 0, 0, 0, 1, 0, 1, 0, 1, 0, 0, 0, 0, 0, 0, 0, 1, 0, 0, 1, 0, 0, 0, 0, 0, 1, 1, 0, 1, 0, 0, 1, 0, 0, 1, 0, 1, 0, 0, 0, 0, 0, 0, 0, 0, 0, 0, 0, 1, 0, 0, 0, 0, 1, 0, 0, 0, 0, 1, 0, 0, 0, 0, 0, 0, 0, 0, 0, 1, 0, 0, 0, 0, 0, 0, 0, 0, 0, 1, 0, 1, 0, 0, 0, 1, 0, 0, 0]
Best Score: 5.52039831566807

A* Statistics:
Total A* Calls: 16279340
Real A* Calls: 14641
--------------------------------------------------

==================================================
Processing file: calle_palmas_de_gran_canaria_albacete_500_2_candidates_167_ns_23.json
Candidate intersections: [1628459225, 1530722049, 1984658040, 1529202095, 6296438172, 1528823325, 1736073029, 539831088, 1643327715, 672063710, 1736073036, 1528823328, 499274675, 1835353382, 621979238, 1736047802, 1526108356, 1529201953, 1255547634, 1531673357, 1256004131, 1529623348, 335607938, 2221740256, 1529197029, 621979259, 6296438171, 3721441045, 1530201981, 335606022, 1255547637, 539837920, 1736073025, 1529202109, 1836678889, 672063300, 1835353370, 1528823220, 1256026630, 1526752640, 1255547649, 1255547628, 1589636200, 1628459236, 1529202111, 1529475206, 1530704881, 1529475073, 434014599, 1526728365, 1255547652, 1322977378, 332441491, 1529623346, 1530897531, 335607941, 1528823342, 1628459224, 1322977384, 335606025, 1322980462, 1255547644, 1528823384, 1628459221, 1528823380, 1836678893, 551594180, 1835353332, 1528832266, 1562200768, 1529201976, 335607942, 335606017, 335607940, 335607943, 1255547623, 1983117780, 443511897, 1526752502, 539833849, 1526728364, 1562200802, 1788243287, 335607946, 672060821, 551594208, 621979267, 1526108352, 1529197036, 1835353337, 539831084, 434014588, 1255547642, 4575714122, 1628459226, 1529202023, 1635557952, 552477911, 1526728362, 1547034333, 1560699127, 1736073022, 1835353359, 1531659768, 1835353351, 1788243280, 333719887, 1572439161, 335606019, 1255547633, 1528823390, 1531673369, 1560699116, 1256026659, 1255547648, 1529475090, 1573048065, 1530704637, 1989898224, 551594146, 1529197043, 335607951, 1255547641, 1529776701, 1529197048, 3720329440, 1557279034, 1529475160, 1736047806, 1256026700, 1635557966, 551594177, 1635557962, 1526728406, 1255528486, 1573048063, 1530897562, 1529201982, 1529475094, 1984210179, 333720922, 2686683436, 1526728384, 1255499536, 1526705395, 1528823330, 621979263, 1736073021, 1429086687, 1530897746, 1579347325, 1256026634, 1577713909, 551594220, 1529623313, 1255547629, 1530705020, 621983933, 1531673360, 1529202090, 1528823288, 1322980464, 1266037410, 1529475081, 1528823351, 1528823253, 621979242]
Number of stations: 23

Testing Genetic Algorithm...
Genetic Algorithm Results:
Execution Time: 39.4136 seconds
Best Configuration: [0, 0, 1, 0, 1, 1, 0, 1, 0, 1, 0, 0, 0, 0, 0, 0, 1, 0, 0, 0, 1, 0, 0, 0, 0, 0, 0, 0, 0, 0, 0, 0, 0, 0, 1, 0, 0, 0, 0, 0, 0, 0, 0, 0, 1, 0, 0, 0, 0, 0, 0, 0, 0, 1, 0, 1, 0, 0, 0, 1, 0, 0, 1, 0, 0, 0, 1, 0, 0, 0, 0, 0, 0, 0, 0, 0, 1, 0, 1, 0, 0, 0, 0, 0, 0, 1, 0, 0, 1, 0, 0, 0, 0, 0, 0, 0, 0, 0, 0, 1, 0, 0, 0, 0, 0, 0, 0, 0, 0, 0, 0, 0, 0, 0, 0, 0, 0, 0, 0, 0, 0, 0, 0, 0, 0, 0, 0, 0, 0, 0, 0, 0, 0, 0, 0, 0, 0, 0, 0, 0, 0, 1, 0, 0, 0, 0, 1, 0, 0, 0, 0, 1, 0, 0, 0, 0, 0, 0, 0, 0, 0, 0, 0, 0, 1, 0, 0]
Best Score: 4.4203632606643275

A* Statistics:
Total A* Calls: 18582758
Real A* Calls: 27889
--------------------------------------------------

==================================================
Processing file: calle_ínsula_barataria_albacete_500_0_candidates_140_ns_34.json
Candidate intersections: [539833069, 1530897686, 333720921, 1528832258, 1529776701, 1529475338, 6296438172, 1526705389, 1573048063, 1991039584, 3721441045, 3720329440, 1529623352, 1526728370, 551594208, 1529201982, 1529202109, 1526728376, 1530704651, 1562200768, 1529475275, 539837920, 1530897585, 335606021, 1529201976, 539833067, 1528823322, 1526752502, 1256026700, 539831003, 1736073022, 1526728384, 1529475300, 1529475285, 1526728364, 335606024, 1529623346, 539831084, 1266037410, 1635557962, 1530897531, 1530897650, 1526705372, 1529776769, 499274675, 434014584, 332441491, 1528823253, 1528832261, 1530897746, 1530704601, 1529475302, 1529475301, 1529475094, 539833070, 344736237, 1835353337, 1529201953, 1529776636, 1529623348, 539830996, 1528823380, 1529202047, 1528832266, 2221740256, 1529475093, 1835353351, 1530722125, 1530704741, 1529202111, 1836678893, 1577308277, 1526728410, 1322977383, 1526728377, 1530704881, 1836678891, 1529475130, 539831002, 335606017, 1526728400, 1530897562, 333719887, 1529475099, 1529623303, 1529623313, 1526728335, 1643327716, 539831093, 1528823271, 1562200802, 1529202090, 1568067925, 1529475090, 344736241, 551594220, 1529475169, 1526728308, 1635557952, 539831085, 1635557966, 3720329437, 1573048065, 539833849, 333720922, 1526728361, 1529475206, 1835353367, 1836678889, 1530704673, 1530722043, 1322977377, 1530704777, 1529475098, 539831082, 1531659768, 621979238, 1526752631, 1958896976, 1835353386, 719109950, 332441495, 1530704637, 1577713909, 335606022, 1526705382, 539830999, 1529475083, 1529202053, 335607940, 1529475193, 1526705395, 1526728406, 1529202087, 1529202049, 335606026, 335606025, 1835353360, 1835353352, 539831088]
Number of stations: 34

Testing Genetic Algorithm...
Genetic Algorithm Results:
Execution Time: 41.7795 seconds
Best Configuration: [0, 0, 0, 1, 0, 0, 0, 0, 0, 0, 0, 0, 1, 0, 0, 0, 0, 1, 0, 0, 0, 0, 1, 0, 0, 0, 0, 1, 1, 0, 1, 0, 1, 0, 0, 0, 0, 0, 1, 0, 0, 0, 1, 0, 1, 0, 0, 0, 0, 0, 0, 1, 0, 0, 1, 1, 0, 1, 0, 0, 0, 0, 1, 0, 0, 0, 0, 0, 0, 0, 0, 0, 1, 1, 0, 0, 1, 0, 0, 0, 0, 0, 0, 1, 1, 1, 0, 0, 0, 0, 1, 0, 0, 0, 0, 0, 0, 0, 1, 1, 0, 0, 0, 1, 0, 1, 0, 0, 0, 0, 0, 0, 0, 0, 0, 1, 0, 0, 1, 0, 0, 0, 0, 0, 1, 0, 1, 0, 1, 1, 0, 0, 0, 0, 0, 0, 0, 1, 0, 0]
Best Score: 2.2530039833898097

A* Statistics:
Total A* Calls: 23847600
Real A* Calls: 19600
--------------------------------------------------
